"figure2" <-
structure(list(V1 = c(7.645932, 7.43714, -0.6030826, 5.881567, 
5.352719, 3.531955, 7.357834, 6.562458, 3.923915, 3.390246, 2.590863, 
1.371677, 7.333322, 2.856631, 7.640552, 1.685039, 4.194941, 3.397808, 
0.4376316, 0.6427436, 0.9186472, 1.393872, 5.594514, 4.794813, 
7.077409, 3.498333, 4.192492, 7.152323, -0.8701746, 5.719093, 
2.794168, 3.454871, 5.53142, -0.3526679, 1.516865, 7.77533, 3.587029, 
5.950052, 7.824802, 5.434475, 3.244049, 0.07862959, 5.450672, 
1.734403, 5.98055, 0.2301638, -0.8401795, 6.126763, 5.514922, 
6.927887, 2.712664, 0.9985213, 6.246047, 3.943416, 2.639734, 
3.988435, 6.816351, -0.7150137, 0.9552705, 6.230474, 1.041502, 
3.598176, 2.37898, 3.450992, 4.812796, 6.049937, 7.565649, 6.527675, 
0.1444740, 7.384894, 5.282145, -0.5568428, 7.210594, 7.342083, 
0.04648464, 2.140866, 3.517496, 6.728824, 2.432402, -0.9388582, 
0.4223635, 6.742935, 3.274867, 7.388302, 6.161692, 1.311144, 
4.738072, 4.897443, 5.355157, 2.361063, -0.2237888, 1.327610, 
2.756358, 4.724408, -0.8978869, 3.660313, 1.842043, 5.311484, 
1.249646, 3.629479, 5.43532, 0.05726325, 1.649006, 0.7799637, 
7.446225, 4.995246, 6.419615, 1.229964, -0.4415769, 3.977673, 
3.450311, 4.676782, 7.203364, 5.449934, 6.634272, 5.886243, 0.01118263, 
5.353192, 7.295812, 3.867306, 5.191681, 4.66922, 3.016846, 0.3316094, 
7.95746, 5.382914, 0.6804989, 1.126852, 2.458976, 4.193861, 0.3890792, 
5.495585, -0.1531226, 4.976335, 3.720776, -0.7829143, 4.33565, 
7.45536, 1.137663, 7.486792, 10.87472, 6.481559, 7.018177, 8.707365, 
5.274217, 6.460932, 7.434998, 7.600828, 2.590227, 4.605986, 3.132218, 
7.006022, 4.838002, 3.76215, 6.678813, 4.700262, 3.729393, 11.67350, 
9.035096, 2.315333, 3.836352, 5.259627, 4.42149, 2.616902, 2.183175, 
8.495783, 3.927192, 2.691922, 6.900928, 5.305477, 6.447849, 2.16039, 
4.023208, 6.673289, 2.77471, 9.113072, 4.526372, 5.473561, 8.018313, 
6.316858, 9.074364, 3.073647, 11.57993, 2.469595, 11.02315, 8.95826, 
10.91322, 5.204046, 10.41336, 11.84381, 10.97849, 7.347415, 9.427404, 
3.913474, 3.003291, 6.021429, 7.444549, 4.946889, 5.27064, 11.37953
), V2 = c(0.1511019, 1.940784, 0.9326258, 1.839768, 1.173299, 
1.549306, 1.703172, 0.4184128, 1.3863, 1.717231, 0.2988586, 0.5894394, 
0.6949047, 1.514380, 0.6032085, 0.6103903, 1.827029, 1.599308, 
1.37193, 1.196268, 1.810362, 1.308042, 1.995951, 1.200594, 1.17518, 
1.675955, 1.502641, 1.088694, 0.7144306, 0.1402576, 1.156853, 
1.204673, 1.780243, 1.046498, 0.749614, 1.627055, 0.4208516, 
0.3966881, 0.3561927, 1.71975, 0.469068, 1.248122, 0.7566846, 
1.22445, 0.1078264, 0.9297024, 1.309870, 1.392241, 1.309870, 
1.444606, 0.3265242, 1.435260, 1.333805, 0.9493922, 0.295954, 
0.8449958, 0.8801746, 1.352973, 1.338139, 0.4055921, 1.354036, 
0.1936362, 1.066676, 1.839066, 1.098687, 1.870590, 0.1886638, 
1.247280, 0.6239732, 0.5377962, 1.096421, 1.126773, 1.987598, 
0.4512345, 0.1698289, 1.988663, 0.2109769, 1.305567, 0.7482414, 
0.3000928, 0.7216566, 1.568621, 1.293001, 0.5606899, 1.494103, 
0.5767445, 0.9443752, 1.530396, 1.146327, 0.6235256, 1.132492, 
1.873911, 1.328845, 0.3232738, 0.3827505, 0.6205576, 1.171186, 
0.0293479, 1.454615, 1.675274, 1.695804, 0.7541405, 0.2940727, 
0.8580744, 0.5588034, 1.244164, 0.1656194, 0.1058633, 0.0808412, 
1.201685, 0.907868, 1.580908, 0.3305146, 0.5696853, 1.705577, 
1.065543, 0.5327962, 0.9019833, 1.586995, 1.950331, 1.966139, 
0.1055990, 0.2679717, 0.8059579, 0.9653083, 0.4553527, 1.000202, 
0.2453799, 1.578444, 0.5292382, 1.312890, 0.09406538, 1.585229, 
0.5900886, 1.745008, 0.8282122, 0.7221842, 1.175743, 0.3666682, 
1.653997, 5.541139, 5.359181, 5.834633, 5.738356, 5.884329, 5.731505, 
5.893722, 5.504525, 5.753255, 5.479261, 5.906422, 5.858329, 5.133611, 
5.631859, 5.722386, 5.009308, 5.938879, 5.144619, 5.685166, 5.79938, 
5.92586, 5.600619, 5.560626, 5.84512, 5.074512, 5.10208, 5.03388, 
5.330502, 5.965435, 5.398089, 5.688271, 5.46505, 5.764521, 5.326909, 
5.302027, 5.717969, 5.491126, 5.447197, 5.91114, 5.360356, 5.503019, 
5.525179, 5.978614, 5.012914, 5.167503, 5.988126, 5.156802, 5.371606, 
5.862954, 5.072707, 5.856166, 5.462493, 5.436972, 5.68422, 5.116724, 
5.031422, 5.327422, 5.781407, 5.242256, 5.937937)), class = "data.frame", row.names = c("1", 
"2", "3", "4", "5", "6", "7", "8", "9", "10", "11", "12", "13", 
"14", "15", "16", "17", "18", "19", "20", "21", "22", "23", "24", 
"25", "26", "27", "28", "29", "30", "31", "32", "33", "34", "35", 
"36", "37", "38", "39", "40", "41", "42", "43", "44", "45", "46", 
"47", "48", "49", "50", "51", "52", "53", "54", "55", "56", "57", 
"58", "59", "60", "61", "62", "63", "64", "65", "66", "67", "68", 
"69", "70", "71", "72", "73", "74", "75", "76", "77", "78", "79", 
"80", "81", "82", "83", "84", "85", "86", "87", "88", "89", "90", 
"91", "92", "93", "94", "95", "96", "97", "98", "99", "100", 
"101", "102", "103", "104", "105", "106", "107", "108", "109", 
"110", "111", "112", "113", "114", "115", "116", "117", "118", 
"119", "120", "121", "122", "123", "124", "125", "126", "127", 
"128", "129", "130", "131", "132", "133", "134", "135", "136", 
"137", "138", "139", "140", "141", "142", "143", "144", "145", 
"146", "147", "148", "149", "150", "151", "152", "153", "154", 
"155", "156", "157", "158", "159", "160", "161", "162", "163", 
"164", "165", "166", "167", "168", "169", "170", "171", "172", 
"173", "174", "175", "176", "177", "178", "179", "180", "181", 
"182", "183", "184", "185", "186", "187", "188", "189", "190", 
"191", "192", "193", "194", "195", "196", "197", "198", "199", 
"200"))
