"table4" <-
structure(list(V1 = c(1, 1, 1, 1, 0, 0, 0, 0), V2 = c(0, 0, 1, 
1, 0, 0, 1, 1), V3 = c(1, 0, 1, 1, 1, 0, 1, 1), V4 = c(1, 0, 
1, 1, 0, 0, 0, 1)), class = "data.frame", row.names = c("A", 
"B", "C", "D", "E", "F", "G", "H"))
